
# iter = 1000
0 0
0.005 9.28995e-11
0.01 1.93316e-10
0.015 2.93731e-10
0.02 4.17782e-10
0.025 5.4183e-10
0.03 7.09025e-10
0.035 8.76215e-10
0.04 1.11219e-09
0.045 1.34815e-09
0.05 1.68814e-09
0.055 2.02813e-09
0.06 2.52165e-09
0.065 3.01517e-09
0.07 3.73238e-09
0.075 4.44957e-09
0.08 5.49e-09
0.085 6.53039e-09
0.09 8.03506e-09
0.095 9.53968e-09
0.1 1.17078e-08
0.105 1.38758e-08
0.11 1.69876e-08
0.115 2.00993e-08
0.12 2.45477e-08
0.125 2.89959e-08
0.13 3.53289e-08
0.135 4.16617e-08
0.14 5.06409e-08
0.145 5.96199e-08
0.15 7.22989e-08
0.155 8.49775e-08
0.16 1.02807e-07
0.165 1.20636e-07
0.17 1.45606e-07
0.175 1.70576e-07
0.18 2.05402e-07
0.185 2.40228e-07
0.19 2.88602e-07
0.195 3.36975e-07
0.2 4.03893e-07
0.205 4.70809e-07
0.21 5.62999e-07
0.215 6.55187e-07
0.22 7.81675e-07
0.225 9.0816e-07
0.23 1.081e-06
0.235 1.25383e-06
0.24 1.48903e-06
0.245 1.72423e-06
0.25 2.043e-06
0.255 2.36176e-06
0.26 2.79202e-06
0.265 3.22226e-06
0.27 3.80064e-06
0.275 4.37901e-06
0.28 5.15333e-06
0.285 5.92763e-06
0.29 6.96006e-06
0.295 7.99245e-06
0.3 9.36341e-06
0.305 1.07343e-05
0.31 1.25474e-05
0.315 1.43604e-05
0.32 1.67485e-05
0.325 1.91365e-05
0.33 2.22691e-05
0.335 2.54016e-05
0.34 2.94941e-05
0.345 3.35865e-05
0.35 3.89115e-05
0.355 4.42363e-05
0.36 5.11367e-05
0.365 5.80369e-05
0.37 6.69427e-05
0.375 7.58482e-05
0.38 8.72955e-05
0.385 9.87424e-05
0.39 0.000113397
0.395 0.000128051
0.4 0.000146735
0.405 0.000165419
0.41 0.000189145
0.415 0.00021287
0.42 0.000242876
0.425 0.000272881
0.43 0.000310676
0.435 0.00034847
0.44 0.000395884
0.445 0.000443296
0.45 0.000502536
0.455 0.000561773
0.46 0.000635491
0.465 0.000709205
0.47 0.000800567
0.475 0.000891925
0.48 0.0010047
0.485 0.00111747
0.49 0.00125611
0.495 0.00139475
0.5 0.00156451
0.505 0.00173426
0.51 0.00194128
0.515 0.00214829
0.52 0.00239973
0.525 0.00265116
0.53 0.00295533
0.535 0.00325948
0.54 0.00362596
0.545 0.00399241
0.55 0.00443217
0.555 0.00487191
0.56 0.00539749
0.565 0.00592304
0.57 0.00654867
0.575 0.00717426
0.58 0.00791598
0.585 0.00865767
0.59 0.0095335
0.595 0.0104093
0.6 0.0114393
0.605 0.0124693
0.61 0.0136758
0.615 0.0148823
0.62 0.0162898
0.625 0.0176973
0.63 0.0193329
0.635 0.0209683
0.64 0.0228611
0.645 0.0247538
0.65 0.0269356
0.655 0.0291172
0.66 0.031622
0.665 0.0341266
0.67 0.0369906
0.675 0.0398544
0.68 0.0431161
0.685 0.0463776
0.69 0.0500773
0.695 0.0537768
0.7 0.0579565
0.705 0.0621359
0.71 0.0668391
0.715 0.0715419
0.72 0.0768128
0.725 0.0820833
0.73 0.0879668
0.735 0.0938499
0.74 0.100391
0.745 0.106932
0.75 0.114175
0.755 0.121417
0.76 0.129405
0.765 0.137393
0.77 0.146168
0.775 0.154942
0.78 0.164542
0.785 0.174142
0.79 0.184603
0.795 0.195064
0.8 0.206418
0.805 0.217772
0.81 0.230046
0.815 0.242319
0.82 0.255534
0.825 0.268748
0.83 0.282919
0.835 0.29709
0.84 0.312226
0.845 0.327361
0.85 0.343464
0.855 0.359564
0.86 0.376626
0.865 0.393685
0.87 0.41169
0.875 0.429693
0.88 0.448619
0.885 0.467542
0.89 0.487354
0.895 0.507165
0.9 0.527823
0.905 0.548479
0.91 0.569934
0.915 0.591386
0.92 0.613578
0.925 0.635767
0.93 0.65863
0.935 0.681489
0.94 0.704949
0.945 0.728405
0.95 0.75238
0.955 0.776352
0.96 0.800756
0.965 0.825156
0.97 0.849897
0.975 0.874634
0.98 0.899616
0.985 0.924593
0.99 0.949717
0.995 0.974836
0.995 1

# iter = 2000
0 0
0.005 1.60824e-06
0.01 3.24729e-06
0.015 4.88633e-06
0.02 6.61871e-06
0.025 8.35105e-06
0.03 1.02421e-05
0.035 1.2133e-05
0.04 1.42527e-05
0.045 1.63723e-05
0.05 1.87973e-05
0.055 2.12223e-05
0.06 2.40383e-05
0.065 2.68542e-05
0.07 3.0158e-05
0.075 3.34617e-05
0.08 3.73639e-05
0.085 4.12658e-05
0.09 4.58934e-05
0.095 5.05207e-05
0.1 5.60203e-05
0.105 6.15197e-05
0.11 6.80612e-05
0.115 7.46024e-05
0.12 8.23825e-05
0.125 9.01621e-05
0.13 9.94087e-05
0.135 0.000108655
0.14 0.000119632
0.145 0.000130608
0.15 0.000143621
0.155 0.000156633
0.16 0.000172034
0.165 0.000187434
0.17 0.000205629
0.175 0.000223824
0.18 0.000245282
0.185 0.000266739
0.19 0.000291996
0.195 0.000317253
0.2 0.000346925
0.205 0.000376596
0.21 0.000411387
0.215 0.000446176
0.22 0.000486887
0.225 0.000527596
0.23 0.000575142
0.235 0.000622684
0.24 0.0006781
0.245 0.000733512
0.25 0.000797971
0.255 0.000862426
0.26 0.000937256
0.265 0.00101208
0.27 0.00109877
0.275 0.00118546
0.28 0.0012857
0.285 0.00138593
0.29 0.00150159
0.295 0.00161724
0.3 0.00175044
0.305 0.00188363
0.31 0.00203671
0.315 0.00218978
0.32 0.00236536
0.325 0.00254092
0.33 0.0027419
0.335 0.00294287
0.34 0.00317246
0.345 0.00340204
0.35 0.00366379
0.355 0.00392553
0.36 0.00422335
0.365 0.00452116
0.37 0.00485934
0.375 0.0051975
0.38 0.00558074
0.385 0.00596395
0.39 0.00639738
0.395 0.00683078
0.4 0.00731999
0.405 0.00780917
0.41 0.00836023
0.415 0.00891125
0.42 0.00953074
0.425 0.0101502
0.43 0.0108452
0.435 0.0115402
0.44 0.0123184
0.445 0.0130965
0.45 0.0139661
0.455 0.0148356
0.46 0.0158053
0.465 0.016775
0.47 0.0178542
0.475 0.0189334
0.48 0.0201322
0.485 0.0213308
0.49 0.0226597
0.495 0.0239884
0.5 0.0254584
0.505 0.0269283
0.51 0.0285514
0.515 0.0301742
0.52 0.0319625
0.525 0.0337507
0.53 0.0357172
0.535 0.0376835
0.54 0.0398416
0.545 0.0419996
0.55 0.0443632
0.555 0.0467266
0.56 0.0493102
0.565 0.0518935
0.57 0.0547118
0.575 0.0575298
0.58 0.0605981
0.585 0.0636659
0.59 0.0669995
0.595 0.0703327
0.6 0.0739474
0.605 0.0775616
0.61 0.0814732
0.615 0.0853843
0.62 0.0896087
0.625 0.0938326
0.63 0.0983857
0.635 0.102938
0.64 0.107836
0.645 0.112733
0.65 0.11799
0.655 0.123247
0.66 0.12888
0.665 0.134512
0.67 0.140534
0.675 0.146556
0.68 0.152982
0.685 0.159408
0.69 0.166251
0.695 0.173094
0.7 0.180367
0.705 0.187639
0.71 0.195354
0.715 0.203067
0.72 0.211233
0.725 0.219398
0.73 0.228025
0.735 0.23665
0.74 0.245746
0.745 0.254839
0.75 0.264409
0.755 0.273977
0.76 0.284026
0.765 0.294074
0.77 0.304605
0.775 0.315134
0.78 0.326148
0.785 0.337161
0.79 0.348657
0.795 0.360151
0.8 0.372127
0.805 0.3841
0.81 0.396549
0.815 0.408997
0.82 0.421913
0.825 0.434827
0.83 0.448201
0.835 0.461572
0.84 0.475392
0.845 0.489209
0.85 0.50346
0.855 0.51771
0.86 0.532377
0.865 0.547042
0.87 0.562107
0.875 0.57717
0.88 0.592613
0.885 0.608053
0.89 0.62385
0.895 0.639645
0.9 0.655774
0.905 0.671899
0.91 0.688332
0.915 0.704761
0.92 0.721471
0.925 0.738176
0.93 0.755132
0.935 0.772085
0.94 0.789256
0.945 0.806424
0.95 0.823779
0.955 0.84113
0.96 0.858634
0.965 0.876135
0.97 0.893754
0.975 0.91137
0.98 0.929069
0.985 0.946765
0.99 0.964509
0.995 0.982248
0.995 1

# iter = 5000
0 0
0.005 0.000417419
0.01 0.000836008
0.015 0.00125459
0.02 0.00167669
0.025 0.00209878
0.03 0.00252673
0.035 0.00295468
0.04 0.00339085
0.045 0.003827
0.05 0.00427376
0.055 0.0047205
0.06 0.00518025
0.065 0.00563997
0.07 0.00611514
0.075 0.00659028
0.08 0.00708332
0.085 0.00757633
0.09 0.00808974
0.095 0.00860311
0.1 0.00913942
0.105 0.00967569
0.11 0.0102375
0.115 0.0107992
0.12 0.0113891
0.125 0.011979
0.13 0.0125997
0.135 0.0132203
0.14 0.0138745
0.145 0.0145287
0.15 0.0152193
0.155 0.0159097
0.16 0.0166395
0.165 0.0173691
0.17 0.0181409
0.175 0.0189127
0.18 0.0197296
0.185 0.0205464
0.19 0.0214114
0.195 0.0222764
0.2 0.0231927
0.205 0.0241089
0.21 0.0250797
0.215 0.0260504
0.22 0.0270789
0.225 0.0281073
0.23 0.0291969
0.235 0.0302864
0.24 0.0314405
0.245 0.0325944
0.25 0.0338165
0.255 0.0350384
0.26 0.0363319
0.265 0.0376253
0.27 0.038994
0.275 0.0403626
0.28 0.0418101
0.285 0.0432574
0.29 0.0447875
0.295 0.0463174
0.3 0.0479339
0.305 0.0495501
0.31 0.0512568
0.315 0.0529633
0.32 0.0547641
0.325 0.0565647
0.33 0.0584636
0.335 0.0603623
0.34 0.0623633
0.345 0.064364
0.35 0.0664712
0.355 0.068578
0.36 0.0707954
0.365 0.0730124
0.37 0.075344
0.375 0.0776752
0.38 0.0801252
0.385 0.0825747
0.39 0.0851471
0.395 0.087719
0.4 0.0904179
0.405 0.0931164
0.41 0.0959459
0.415 0.0987749
0.42 0.101739
0.425 0.104703
0.43 0.107805
0.435 0.110908
0.44 0.114153
0.445 0.117398
0.45 0.12079
0.455 0.124181
0.46 0.127723
0.465 0.131265
0.47 0.134961
0.475 0.138657
0.48 0.142511
0.485 0.146364
0.49 0.150379
0.495 0.154394
0.5 0.158574
0.505 0.162753
0.51 0.167102
0.515 0.171449
0.52 0.175968
0.525 0.180486
0.53 0.18518
0.535 0.189872
0.54 0.194743
0.545 0.199612
0.55 0.204662
0.555 0.209711
0.56 0.214944
0.565 0.220175
0.57 0.225591
0.575 0.231006
0.58 0.236609
0.585 0.24221
0.59 0.248001
0.595 0.25379
0.6 0.25977
0.605 0.265749
0.61 0.27192
0.615 0.278089
0.62 0.284452
0.625 0.290813
0.63 0.297368
0.635 0.303921
0.64 0.310669
0.645 0.317415
0.65 0.324355
0.655 0.331294
0.66 0.338427
0.665 0.345558
0.67 0.352883
0.675 0.360206
0.68 0.367722
0.685 0.375237
0.69 0.382942
0.695 0.390646
0.7 0.39854
0.705 0.406433
0.71 0.414513
0.715 0.422591
0.72 0.430856
0.725 0.439118
0.73 0.447564
0.735 0.456007
0.74 0.464631
0.745 0.473253
0.75 0.482052
0.755 0.490849
0.76 0.499819
0.765 0.508787
0.77 0.517924
0.775 0.527059
0.78 0.536359
0.785 0.545657
0.79 0.555115
0.795 0.56457
0.8 0.57418
0.805 0.583788
0.81 0.593546
0.815 0.603301
0.82 0.613201
0.825 0.623097
0.83 0.633132
0.835 0.643163
0.84 0.653327
0.845 0.663487
0.85 0.673773
0.855 0.684055
0.86 0.694455
0.865 0.704853
0.87 0.715361
0.875 0.725866
0.88 0.736474
0.885 0.747079
0.89 0.757779
0.895 0.768476
0.9 0.779261
0.905 0.790042
0.91 0.800903
0.915 0.811759
0.92 0.822688
0.925 0.833612
0.93 0.844598
0.935 0.855581
0.94 0.866618
0.945 0.87765
0.95 0.888728
0.955 0.899801
0.96 0.91091
0.965 0.922015
0.97 0.933147
0.975 0.944275
0.98 0.95542
0.985 0.966561
0.99 0.977711
0.995 0.988856
0.995 1

# iter = 10000
0 0
0.005 0.00219709
0.01 0.00439549
0.015 0.00659387
0.02 0.0087962
0.025 0.0109985
0.03 0.0132074
0.035 0.0154162
0.04 0.0176342
0.045 0.0198521
0.05 0.0220819
0.055 0.0243115
0.06 0.0265556
0.065 0.0287996
0.07 0.0310606
0.075 0.0333214
0.08 0.0356019
0.085 0.0378822
0.09 0.0401848
0.095 0.0424871
0.1 0.0448142
0.105 0.0471411
0.11 0.0494952
0.115 0.0518492
0.12 0.054233
0.125 0.0566165
0.13 0.0590324
0.135 0.061448
0.14 0.0638984
0.145 0.0663485
0.15 0.0688359
0.155 0.0713229
0.16 0.0738497
0.165 0.0763761
0.17 0.0789446
0.175 0.0815127
0.18 0.0841253
0.185 0.0867375
0.19 0.0893965
0.195 0.092055
0.2 0.0947627
0.205 0.09747
0.21 0.100229
0.215 0.102987
0.22 0.105798
0.225 0.10861
0.23 0.111477
0.235 0.114343
0.24 0.117268
0.245 0.120191
0.25 0.123175
0.255 0.126159
0.26 0.129204
0.265 0.132249
0.27 0.135358
0.275 0.138466
0.28 0.14164
0.285 0.144814
0.29 0.148055
0.295 0.151296
0.3 0.154606
0.305 0.157916
0.31 0.161298
0.315 0.164678
0.32 0.168132
0.325 0.171585
0.33 0.175113
0.335 0.17864
0.34 0.182244
0.345 0.185847
0.35 0.189528
0.355 0.193208
0.36 0.196968
0.365 0.200726
0.37 0.204566
0.375 0.208405
0.38 0.212326
0.385 0.216246
0.39 0.220249
0.395 0.224252
0.4 0.228339
0.405 0.232425
0.41 0.236597
0.415 0.240768
0.42 0.245025
0.425 0.249282
0.43 0.253626
0.435 0.257969
0.44 0.262401
0.445 0.266831
0.45 0.271351
0.455 0.275869
0.46 0.280478
0.465 0.285085
0.47 0.289783
0.475 0.29448
0.48 0.299268
0.485 0.304054
0.49 0.308933
0.495 0.313809
0.5 0.318778
0.505 0.323745
0.51 0.328804
0.515 0.333862
0.52 0.339012
0.525 0.344161
0.53 0.349401
0.535 0.354641
0.54 0.359972
0.545 0.365302
0.55 0.370724
0.555 0.376145
0.56 0.381657
0.565 0.387168
0.57 0.39277
0.575 0.39837
0.58 0.404062
0.585 0.409751
0.59 0.415531
0.595 0.42131
0.6 0.427178
0.605 0.433044
0.61 0.439
0.615 0.444953
0.62 0.450995
0.625 0.457035
0.63 0.463162
0.635 0.469287
0.64 0.475499
0.645 0.481708
0.65 0.488003
0.655 0.494295
0.66 0.500672
0.665 0.507046
0.67 0.513503
0.675 0.519957
0.68 0.526493
0.685 0.533027
0.69 0.53964
0.695 0.54625
0.7 0.552939
0.705 0.559626
0.71 0.566388
0.715 0.573148
0.72 0.579983
0.725 0.586815
0.73 0.59372
0.735 0.600622
0.74 0.607595
0.745 0.614565
0.75 0.621604
0.755 0.628639
0.76 0.635742
0.765 0.642841
0.77 0.650005
0.775 0.657166
0.78 0.664388
0.785 0.671608
0.79 0.678887
0.795 0.686163
0.8 0.693496
0.805 0.700826
0.81 0.708211
0.815 0.715592
0.82 0.723025
0.825 0.730455
0.83 0.737934
0.835 0.745409
0.84 0.752931
0.845 0.76045
0.85 0.768012
0.855 0.77557
0.86 0.78317
0.865 0.790765
0.87 0.798399
0.875 0.806029
0.88 0.813694
0.885 0.821355
0.89 0.829048
0.895 0.836736
0.9 0.844454
0.905 0.852168
0.91 0.859907
0.915 0.867643
0.92 0.875401
0.925 0.883154
0.93 0.890928
0.935 0.898696
0.94 0.906482
0.945 0.914262
0.95 0.922056
0.955 0.929845
0.96 0.937644
0.965 0.945438
0.97 0.953239
0.975 0.961036
0.98 0.968835
0.985 0.97663
0.99 0.984424
0.995 0.992214
0.995 1
